3.5	1	1.75	1	C
5.25	1	1.75	1	C
7.0	2	1.75	1	I
8.75	1	1.75	1	C
10.5	1	1.75	1	C
12.25	1	1.75	1	C
14.0	1	1.75	1	C
17.5	1	1.75	1	C
19.25	2	1.75	1	I
21.0	1	1.75	1	C
24.5	1	1.75	1	C
26.25	2	1.75	1	I
28.0	1	1.75	1	C
29.75	2	1.75	1	I
31.5	2	1.75	1	I
33.25	1	1.75	1	C
35.0	2	1.75	1	I
36.75	2	1.75	1	I
38.5	1	1.75	1	C
42.0	1	1.75	1	C
43.75	1	1.75	1	C
45.5	2	1.75	1	I
49.0	1	1.75	1	C
50.75	1	1.75	1	C
52.5	1	1.75	1	C
54.25	1	1.75	1	C
56.0	2	1.75	1	I
57.75	2	1.75	1	I
59.5	1	1.75	1	C
61.25	2	1.75	1	I
63.0	2	1.75	1	I
64.75	2	1.75	1	I
68.25	1	1.75	1	C
70.0	1	1.75	1	C
71.75	1	1.75	1	C
75.25	1	1.75	1	C
77.0	2	1.75	1	I
78.75	1	1.75	1	C
80.5	1	1.75	1	C
82.25	1	1.75	1	C
84.0	2	1.75	1	I
87.5	1	1.75	1	C
89.25	1	1.75	1	C
91.0	2	1.75	1	I
92.75	1	1.75	1	C
96.25	1	1.75	1	C
98.0	2	1.75	1	I
105.0	1	1.75	1	C
106.75	2	1.75	1	I
108.5	1	1.75	1	C
112.0	1	1.75	1	C
113.75	2	1.75	1	I
117.25	1	1.75	1	C
119.0	1	1.75	1	C
120.75	2	1.75	1	I
122.5	2	1.75	1	I
124.25	1	1.75	1	C
126.0	2	1.75	1	I
127.75	1	1.75	1	C
129.5	1	1.75	1	C
131.25	1	1.75	1	C
133.0	1	1.75	1	C
134.75	2	1.75	1	I
136.5	1	1.75	1	C
138.25	2	1.75	1	I
140.0	2	1.75	1	I
143.5	1	1.75	1	C
145.25	2	1.75	1	I
147.0	2	1.75	1	I
148.75	2	1.75	1	I
150.5	1	1.75	1	C
155.75	1	1.75	1	C
157.5	1	1.75	1	C
159.25	2	1.75	1	I
161.0	2	1.75	1	I
164.5	1	1.75	1	C
166.25	1	1.75	1	C
169.75	1	1.75	1	C
171.5	1	1.75	1	C
173.25	1	1.75	1	C
175.0	2	1.75	1	I
176.75	1	1.75	1	C
178.5	1	1.75	1	C
180.25	2	1.75	1	I
183.75	1	1.75	1	C
185.5	2	1.75	1	I
187.25	1	1.75	1	C
189.0	1	1.75	1	C
190.75	1	1.75	1	C
192.5	1	1.75	1	C
194.25	2	1.75	1	I
197.75	1	1.75	1	C
199.5	2	1.75	1	I
201.25	2	1.75	1	I
203.0	1	1.75	1	C
204.75	2	1.75	1	I
206.5	1	1.75	1	C
208.25	2	1.75	1	I
210.0	1	1.75	1	C
211.75	1	1.75	1	C
213.5	1	1.75	1	C
215.25	2	1.75	1	I
217.0	2	1.75	1	I
218.75	1	1.75	1	C
222.25	1	1.75	1	C
225.75	1	1.75	1	C
227.5	2	1.75	1	I
229.25	1	1.75	1	C
231.0	1	1.75	1	C
236.25	1	1.75	1	C
238.0	2	1.75	1	I
239.75	2	1.75	1	I
241.5	2	1.75	1	I
243.25	2	1.75	1	I
245.0	2	1.75	1	I
246.75	2	1.75	1	I
248.5	2	1.75	1	I
250.25	2	1.75	1	I
252.0	2	1.75	1	I
253.75	2	1.75	1	I
255.5	2	1.75	1	I
257.25	1	1.75	1	C
259.0	1	1.75	1	C
260.75	1	1.75	1	C
262.5	1	1.75	1	C
264.25	2	1.75	1	I
267.75	1	1.75	1	C
269.5	1	1.75	1	C
271.25	1	1.75	1	C
274.75	1	1.75	1	C
276.5	2	1.75	1	I
278.25	1	1.75	1	C
280.0	1	1.75	1	C
281.75	2	1.75	1	I
283.5	2	1.75	1	I
285.25	1	1.75	1	C
287.0	2	1.75	1	I
288.75	2	1.75	1	I
290.5	1	1.75	1	C
292.25	2	1.75	1	I
295.75	1	1.75	1	C
297.5	1	1.75	1	C
299.25	2	1.75	1	I
301.0	2	1.75	1	I
302.75	2	1.75	1	I
304.5	2	1.75	1	I
306.25	2	1.75	1	I
308.0	1	1.75	1	C
309.75	2	1.75	1	I
311.5	1	1.75	1	C
313.25	2	1.75	1	I
315.0	2	1.75	1	I
316.75	1	1.75	1	C
318.5	2	1.75	1	I
320.25	1	1.75	1	C
323.75	1	1.75	1	C
325.5	1	1.75	1	C
327.25	1	1.75	1	C
329.0	2	1.75	1	I
332.5	1	1.75	1	C
334.25	2	1.75	1	I
336.0	1	1.75	1	C
337.75	1	1.75	1	C
339.5	1	1.75	1	C
341.25	1	1.75	1	C
344.75	1	1.75	1	C
346.5	2	1.75	1	I
348.25	1	1.75	1	C
350.0	1	1.75	1	C
351.75	2	1.75	1	I
353.5	2	1.75	1	I
355.25	2	1.75	1	I
357.0	1	1.75	1	C
360.5	1	1.75	1	C
362.25	1	1.75	1	C
364.0	1	1.75	1	C
365.75	2	1.75	1	I
369.25	1	1.75	1	C
371.0	2	1.75	1	I
372.75	2	1.75	1	I
374.5	1	1.75	1	C
376.25	2	1.75	1	I
378.0	2	1.75	1	I
379.75	1	1.75	1	C
381.5	2	1.75	1	I
385.0	1	1.75	1	C
386.75	2	1.75	1	I
388.5	2	1.75	1	I
390.25	1	1.75	1	C
392.0	2	1.75	1	I
393.75	2	1.75	1	I
395.5	1	1.75	1	C